0
1.000000 0.000000 0.000000 0.000000
0.000000 1.000000 0.000000 0.000000
0.000000 0.000000 1.000000 0.000000
0.000000 0.000000 0.000000 1.000000
1
0.998630 0.000000 -0.052336 0.026168
0.000000 1.000000 0.000000 0.000000
0.052336 0.000000 0.998630 0.000685
0.000000 0.000000 0.000000 1.000000
2
0.994522 0.000000 -0.104528 0.052264
0.000000 1.000000 0.000000 0.000000
0.104528 0.000000 0.994522 0.002739
0.000000 0.000000 0.000000 1.000000
3
0.987688 0.000000 -0.156434 0.078217
0.000000 1.000000 0.000000 0.000000
0.156434 0.000000 0.987688 0.006156
0.000000 0.000000 0.000000 1.000000
4
0.978148 0.000000 -0.207912 0.103956
0.000000 1.000000 0.000000 0.000000
0.207912 0.000000 0.978148 0.010926
0.000000 0.000000 0.000000 1.000000
5
0.965926 0.000000 -0.258819 0.129410
0.000000 1.000000 0.000000 0.000000
0.258819 0.000000 0.965926 0.017037
0.000000 0.000000 0.000000 1.000000
6
0.951057 0.000000 -0.309017 0.154508
0.000000 1.000000 0.000000 0.000000
0.309017 0.000000 0.951057 0.024472
0.000000 0.000000 0.000000 1.000000
7
0.933580 0.000000 -0.358368 0.179184
0.000000 1.000000 0.000000 0.000000
0.358368 0.000000 0.933580 0.033210
0.000000 0.000000 0.000000 1.000000
8
0.913545 0.000000 -0.406737 0.203368
0.000000 1.000000 0.000000 0.000000
0.406737 0.000000 0.913545 0.043227
0.000000 0.000000 0.000000 1.000000
9
0.891007 0.000000 -0.453990 0.226995
0.000000 1.000000 0.000000 0.000000
0.453990 0.000000 0.891007 0.054497
0.000000 0.000000 0.000000 1.000000
10
0.866025 0.000000 -0.500000 0.250000
0.000000 1.000000 0.000000 0.000000
0.500000 0.000000 0.866025 0.066987
0.000000 0.000000 0.000000 1.000000
11
0.838671 0.000000 -0.544639 0.272320
0.000000 1.000000 0.000000 0.000000
0.544639 0.000000 0.838671 0.080665
0.000000 0.000000 0.000000 1.000000
12
0.809017 0.000000 -0.587785 0.293893
0.000000 1.000000 0.000000 0.000000
0.587785 0.000000 0.809017 0.095492
0.000000 0.000000 0.000000 1.000000
13
0.777146 0.000000 -0.629320 0.314660
0.000000 1.000000 0.000000 0.000000
0.629320 0.000000 0.777146 0.111427
0.000000 0.000000 0.000000 1.000000
14
0.743145 0.000000 -0.669131 0.334565
0.000000 1.000000 0.000000 0.000000
0.669131 0.000000 0.743145 0.128428
0.000000 0.000000 0.000000 1.000000
15
0.707107 0.000000 -0.707107 0.353553
0.000000 1.000000 0.000000 0.000000
0.707107 0.000000 0.707107 0.146447
0.000000 0.000000 0.000000 1.000000
16
0.669131 0.000000 -0.743145 0.371572
0.000000 1.000000 0.000000 0.000000
0.743145 0.000000 0.669131 0.165435
0.000000 0.000000 0.000000 1.000000
17
0.629320 0.000000 -0.777146 0.388573
0.000000 1.000000 0.000000 0.000000
0.777146 0.000000 0.629320 0.185340
0.000000 0.000000 0.000000 1.000000
18
0.587785 0.000000 -0.809017 0.404508
0.000000 1.000000 0.000000 0.000000
0.809017 0.000000 0.587785 0.206107
0.000000 0.000000 0.000000 1.000000
19
0.544639 0.000000 -0.838671 0.419335
0.000000 1.000000 0.000000 0.000000
0.838671 0.000000 0.544639 0.227680
0.000000 0.000000 0.000000 1.000000
20
0.500000 0.000000 -0.866025 0.433013
0.000000 1.000000 0.000000 0.000000
0.866025 0.000000 0.500000 0.250000
0.000000 0.000000 0.000000 1.000000
21
0.453990 0.000000 -0.891007 0.445503
0.000000 1.000000 0.000000 0.000000
0.891007 0.000000 0.453990 0.273005
0.000000 0.000000 0.000000 1.000000
22
0.406737 0.000000 -0.913545 0.456773
0.000000 1.000000 0.000000 0.000000
0.913545 0.000000 0.406737 0.296632
0.000000 0.000000 0.000000 1.000000
23
0.358368 0.000000 -0.933580 0.466790
0.000000 1.000000 0.000000 0.000000
0.933580 0.000000 0.358368 0.320816
0.000000 0.000000 0.000000 1.000000
24
0.309017 0.000000 -0.951057 0.475528
0.000000 1.000000 0.000000 0.000000
0.951057 0.000000 0.309017 0.345492
0.000000 0.000000 0.000000 1.000000
25
0.258819 0.000000 -0.965926 0.482963
0.000000 1.000000 0.000000 0.000000
0.965926 0.000000 0.258819 0.370590
0.000000 0.000000 0.000000 1.000000
26
0.207912 0.000000 -0.978148 0.489074
0.000000 1.000000 0.000000 0.000000
0.978148 0.000000 0.207912 0.396044
0.000000 0.000000 0.000000 1.000000
27
0.156434 0.000000 -0.987688 0.493844
0.000000 1.000000 0.000000 0.000000
0.987688 0.000000 0.156434 0.421783
0.000000 0.000000 0.000000 1.000000
28
0.104528 0.000000 -0.994522 0.497261
0.000000 1.000000 0.000000 0.000000
0.994522 0.000000 0.104528 0.447736
0.000000 0.000000 0.000000 1.000000
29
0.052336 0.000000 -0.998630 0.499315
0.000000 1.000000 0.000000 0.000000
0.998630 0.000000 0.052336 0.473832
0.000000 0.000000 0.000000 1.000000
30
-0.000000 0.000000 -1.000000 0.500000
0.000000 1.000000 0.000000 0.000000
1.000000 0.000000 -0.000000 0.500000
0.000000 0.000000 0.000000 1.000000
31
-0.052336 0.000000 -0.998630 0.499315
0.000000 1.000000 0.000000 0.000000
0.998630 0.000000 -0.052336 0.526168
0.000000 0.000000 0.000000 1.000000
32
-0.104528 0.000000 -0.994522 0.497261
0.000000 1.000000 0.000000 0.000000
0.994522 0.000000 -0.104528 0.552264
0.000000 0.000000 0.000000 1.000000
33
-0.156434 0.000000 -0.987688 0.493844
0.000000 1.000000 0.000000 0.000000
0.987688 0.000000 -0.156434 0.578217
0.000000 0.000000 0.000000 1.000000
34
-0.207912 0.000000 -0.978148 0.489074
0.000000 1.000000 0.000000 0.000000
0.978148 0.000000 -0.207912 0.603956
0.000000 0.000000 0.000000 1.000000
35
-0.258819 0.000000 -0.965926 0.482963
0.000000 1.000000 0.000000 0.000000
0.965926 0.000000 -0.258819 0.629410
0.000000 0.000000 0.000000 1.000000
36
-0.309017 0.000000 -0.951057 0.475528
0.000000 1.000000 0.000000 0.000000
0.951057 0.000000 -0.309017 0.654508
0.000000 0.000000 0.000000 1.000000
37
-0.358368 0.000000 -0.933580 0.466790
0.000000 1.000000 0.000000 0.000000
0.933580 0.000000 -0.358368 0.679184
0.000000 0.000000 0.000000 1.000000
38
-0.406737 0.000000 -0.913545 0.456773
0.000000 1.000000 0.000000 0.000000
0.913545 0.000000 -0.406737 0.703368
0.000000 0.000000 0.000000 1.000000
39
-0.453990 0.000000 -0.891007 0.445503
0.000000 1.000000 0.000000 0.000000
0.891007 0.000000 -0.453990 0.726995
0.000000 0.000000 0.000000 1.000000
40
-0.500000 0.000000 -0.866025 0.433013
0.000000 1.000000 0.000000 0.000000
0.866025 0.000000 -0.500000 0.750000
0.000000 0.000000 0.000000 1.000000
41
-0.544639 0.000000 -0.838671 0.419335
0.000000 1.000000 0.000000 0.000000
0.838671 0.000000 -0.544639 0.772320
0.000000 0.000000 0.000000 1.000000
42
-0.587785 0.000000 -0.809017 0.404508
0.000000 1.000000 0.000000 0.000000
0.809017 0.000000 -0.587785 0.793893
0.000000 0.000000 0.000000 1.000000
43
-0.629320 0.000000 -0.777146 0.388573
0.000000 1.000000 0.000000 0.000000
0.777146 0.000000 -0.629320 0.814660
0.000000 0.000000 0.000000 1.000000
44
-0.669131 0.000000 -0.743145 0.371572
0.000000 1.000000 0.000000 0.000000
0.743145 0.000000 -0.669131 0.834565
0.000000 0.000000 0.000000 1.000000
45
-0.707107 0.000000 -0.707107 0.353553
0.000000 1.000000 0.000000 0.000000
0.707107 0.000000 -0.707107 0.853553
0.000000 0.000000 0.000000 1.000000
46
-0.743145 0.000000 -0.669131 0.334565
0.000000 1.000000 0.000000 0.000000
0.669131 0.000000 -0.743145 0.871572
0.000000 0.000000 0.000000 1.000000
47
-0.777146 0.000000 -0.629320 0.314660
0.000000 1.000000 0.000000 0.000000
0.629320 0.000000 -0.777146 0.888573
0.000000 0.000000 0.000000 1.000000
48
-0.809017 0.000000 -0.587785 0.293893
0.000000 1.000000 0.000000 0.000000
0.587785 0.000000 -0.809017 0.904508
0.000000 0.000000 0.000000 1.000000
49
-0.838671 0.000000 -0.544639 0.272320
0.000000 1.000000 0.000000 0.000000
0.544639 0.000000 -0.838671 0.919335
0.000000 0.000000 0.000000 1.000000
50
-0.866025 0.000000 -0.500000 0.250000
0.000000 1.000000 0.000000 0.000000
0.500000 0.000000 -0.866025 0.933013
0.000000 0.000000 0.000000 1.000000
51
-0.891007 0.000000 -0.453990 0.226995
0.000000 1.000000 0.000000 0.000000
0.453990 0.000000 -0.891007 0.945503
0.000000 0.000000 0.000000 1.000000
52
-0.913545 0.000000 -0.406737 0.203368
0.000000 1.000000 0.000000 0.000000
0.406737 0.000000 -0.913545 0.956773
0.000000 0.000000 0.000000 1.000000
53
-0.933580 0.000000 -0.358368 0.179184
0.000000 1.000000 0.000000 0.000000
0.358368 0.000000 -0.933580 0.966790
0.000000 0.000000 0.000000 1.000000
54
-0.951057 0.000000 -0.309017 0.154508
0.000000 1.000000 0.000000 0.000000
0.309017 0.000000 -0.951057 0.975528
0.000000 0.000000 0.000000 1.000000
55
-0.965926 0.000000 -0.258819 0.129410
0.000000 1.000000 0.000000 0.000000
0.258819 0.000000 -0.965926 0.982963
0.000000 0.000000 0.000000 1.000000
56
-0.978148 0.000000 -0.207912 0.103956
0.000000 1.000000 0.000000 0.000000
0.207912 0.000000 -0.978148 0.989074
0.000000 0.000000 0.000000 1.000000
57
-0.987688 0.000000 -0.156434 0.078217
0.000000 1.000000 0.000000 0.000000
0.156434 0.000000 -0.987688 0.993844
0.000000 0.000000 0.000000 1.000000
58
-0.994522 0.000000 -0.104528 0.052264
0.000000 1.000000 0.000000 0.000000
0.104528 0.000000 -0.994522 0.997261
0.000000 0.000000 0.000000 1.000000
59
-0.998630 0.000000 -0.052336 0.026168
0.000000 1.000000 0.000000 0.000000
0.052336 0.000000 -0.998630 0.999315
0.000000 0.000000 0.000000 1.000000
60
-1.000000 0.000000 -0.000000 0.000000
0.000000 1.000000 0.000000 0.000000
0.000000 0.000000 -1.000000 1.000000
0.000000 0.000000 0.000000 1.000000
61
-0.998630 0.000000 0.052336 -0.026168
0.000000 1.000000 0.000000 0.000000
-0.052336 0.000000 -0.998630 0.999315
0.000000 0.000000 0.000000 1.000000
62
-0.994522 0.000000 0.104528 -0.052264
0.000000 1.000000 0.000000 0.000000
-0.104528 0.000000 -0.994522 0.997261
0.000000 0.000000 0.000000 1.000000
63
-0.987688 0.000000 0.156434 -0.078217
0.000000 1.000000 0.000000 0.000000
-0.156434 0.000000 -0.987688 0.993844
0.000000 0.000000 0.000000 1.000000
64
-0.978148 0.000000 0.207912 -0.103956
0.000000 1.000000 0.000000 0.000000
-0.207912 0.000000 -0.978148 0.989074
0.000000 0.000000 0.000000 1.000000
65
-0.965926 0.000000 0.258819 -0.129410
0.000000 1.000000 0.000000 0.000000
-0.258819 0.000000 -0.965926 0.982963
0.000000 0.000000 0.000000 1.000000
66
-0.951057 0.000000 0.309017 -0.154508
0.000000 1.000000 0.000000 0.000000
-0.309017 0.000000 -0.951057 0.975528
0.000000 0.000000 0.000000 1.000000
67
-0.933580 0.000000 0.358368 -0.179184
0.000000 1.000000 0.000000 0.000000
-0.358368 0.000000 -0.933580 0.966790
0.000000 0.000000 0.000000 1.000000
68
-0.913545 0.000000 0.406737 -0.203368
0.000000 1.000000 0.000000 0.000000
-0.406737 0.000000 -0.913545 0.956773
0.000000 0.000000 0.000000 1.000000
69
-0.891007 0.000000 0.453990 -0.226995
0.000000 1.000000 0.000000 0.000000
-0.453990 0.000000 -0.891007 0.945503
0.000000 0.000000 0.000000 1.000000
70
-0.866025 0.000000 0.500000 -0.250000
0.000000 1.000000 0.000000 0.000000
-0.500000 0.000000 -0.866025 0.933013
0.000000 0.000000 0.000000 1.000000
71
-0.838671 0.000000 0.544639 -0.272320
0.000000 1.000000 0.000000 0.000000
-0.544639 0.000000 -0.838671 0.919335
0.000000 0.000000 0.000000 1.000000
72
-0.809017 0.000000 0.587785 -0.293893
0.000000 1.000000 0.000000 0.000000
-0.587785 0.000000 -0.809017 0.904508
0.000000 0.000000 0.000000 1.000000
73
-0.777146 0.000000 0.629320 -0.314660
0.000000 1.000000 0.000000 0.000000
-0.629320 0.000000 -0.777146 0.888573
0.000000 0.000000 0.000000 1.000000
74
-0.743145 0.000000 0.669131 -0.334565
0.000000 1.000000 0.000000 0.000000
-0.669131 0.000000 -0.743145 0.871572
0.000000 0.000000 0.000000 1.000000
75
-0.707107 0.000000 0.707107 -0.353553
0.000000 1.000000 0.000000 0.000000
-0.707107 0.000000 -0.707107 0.853553
0.000000 0.000000 0.000000 1.000000
76
-0.669131 0.000000 0.743145 -0.371572
0.000000 1.000000 0.000000 0.000000
-0.743145 0.000000 -0.669131 0.834565
0.000000 0.000000 0.000000 1.000000
77
-0.629320 0.000000 0.777146 -0.388573
0.000000 1.000000 0.000000 0.000000
-0.777146 0.000000 -0.629320 0.814660
0.000000 0.000000 0.000000 1.000000
78
-0.587785 0.000000 0.809017 -0.404508
0.000000 1.000000 0.000000 0.000000
-0.809017 0.000000 -0.587785 0.793893
0.000000 0.000000 0.000000 1.000000
79
-0.544639 0.000000 0.838671 -0.419335
0.000000 1.000000 0.000000 0.000000
-0.838671 0.000000 -0.544639 0.772320
0.000000 0.000000 0.000000 1.000000
80
-0.500000 0.000000 0.866025 -0.433013
0.000000 1.000000 0.000000 0.000000
-0.866025 0.000000 -0.500000 0.750000
0.000000 0.000000 0.000000 1.000000
81
-0.453990 0.000000 0.891007 -0.445503
0.000000 1.000000 0.000000 0.000000
-0.891007 0.000000 -0.453990 0.726995
0.000000 0.000000 0.000000 1.000000
82
-0.406737 0.000000 0.913545 -0.456773
0.000000 1.000000 0.000000 0.000000
-0.913545 0.000000 -0.406737 0.703368
0.000000 0.000000 0.000000 1.000000
83
-0.358368 0.000000 0.933580 -0.466790
0.000000 1.000000 0.000000 0.000000
-0.933580 0.000000 -0.358368 0.679184
0.000000 0.000000 0.000000 1.000000
84
-0.309017 0.000000 0.951057 -0.475528
0.000000 1.000000 0.000000 0.000000
-0.951057 0.000000 -0.309017 0.654508
0.000000 0.000000 0.000000 1.000000
85
-0.258819 0.000000 0.965926 -0.482963
0.000000 1.000000 0.000000 0.000000
-0.965926 0.000000 -0.258819 0.629410
0.000000 0.000000 0.000000 1.000000
86
-0.207912 0.000000 0.978148 -0.489074
0.000000 1.000000 0.000000 0.000000
-0.978148 0.000000 -0.207912 0.603956
0.000000 0.000000 0.000000 1.000000
87
-0.156434 0.000000 0.987688 -0.493844
0.000000 1.000000 0.000000 0.000000
-0.987688 0.000000 -0.156434 0.578217
0.000000 0.000000 0.000000 1.000000
88
-0.104528 0.000000 0.994522 -0.497261
0.000000 1.000000 0.000000 0.000000
-0.994522 0.000000 -0.104528 0.552264
0.000000 0.000000 0.000000 1.000000
89
-0.052336 0.000000 0.998630 -0.499315
0.000000 1.000000 0.000000 0.000000
-0.998630 0.000000 -0.052336 0.526168
0.000000 0.000000 0.000000 1.000000
90
-0.000000 0.000000 1.000000 -0.500000
0.000000 1.000000 0.000000 0.000000
-1.000000 0.000000 -0.000000 0.500000
0.000000 0.000000 0.000000 1.000000
91
0.052336 0.000000 0.998630 -0.499315
0.000000 1.000000 0.000000 0.000000
-0.998630 0.000000 0.052336 0.473832
0.000000 0.000000 0.000000 1.000000
92
0.104528 0.000000 0.994522 -0.497261
0.000000 1.000000 0.000000 0.000000
-0.994522 0.000000 0.104528 0.447736
0.000000 0.000000 0.000000 1.000000
93
0.156434 0.000000 0.987688 -0.493844
0.000000 1.000000 0.000000 0.000000
-0.987688 0.000000 0.156434 0.421783
0.000000 0.000000 0.000000 1.000000
94
0.207912 0.000000 0.978148 -0.489074
0.000000 1.000000 0.000000 0.000000
-0.978148 0.000000 0.207912 0.396044
0.000000 0.000000 0.000000 1.000000
95
0.258819 0.000000 0.965926 -0.482963
0.000000 1.000000 0.000000 0.000000
-0.965926 0.000000 0.258819 0.370590
0.000000 0.000000 0.000000 1.000000
96
0.309017 0.000000 0.951057 -0.475528
0.000000 1.000000 0.000000 0.000000
-0.951057 0.000000 0.309017 0.345492
0.000000 0.000000 0.000000 1.000000
97
0.358368 0.000000 0.933580 -0.466790
0.000000 1.000000 0.000000 0.000000
-0.933580 0.000000 0.358368 0.320816
0.000000 0.000000 0.000000 1.000000
98
0.406737 0.000000 0.913545 -0.456773
0.000000 1.000000 0.000000 0.000000
-0.913545 0.000000 0.406737 0.296632
0.000000 0.000000 0.000000 1.000000
99
0.453990 0.000000 0.891007 -0.445503
0.000000 1.000000 0.000000 0.000000
-0.891007 0.000000 0.453990 0.273005
0.000000 0.000000 0.000000 1.000000
100
0.500000 0.000000 0.866025 -0.433013
0.000000 1.000000 0.000000 0.000000
-0.866025 0.000000 0.500000 0.250000
0.000000 0.000000 0.000000 1.000000
101
0.544639 0.000000 0.838671 -0.419335
0.000000 1.000000 0.000000 0.000000
-0.838671 0.000000 0.544639 0.227680
0.000000 0.000000 0.000000 1.000000
102
0.587785 0.000000 0.809017 -0.404508
0.000000 1.000000 0.000000 0.000000
-0.809017 0.000000 0.587785 0.206107
0.000000 0.000000 0.000000 1.000000
103
0.629320 0.000000 0.777146 -0.388573
0.000000 1.000000 0.000000 0.000000
-0.777146 0.000000 0.629320 0.185340
0.000000 0.000000 0.000000 1.000000
104
0.669131 0.000000 0.743145 -0.371572
0.000000 1.000000 0.000000 0.000000
-0.743145 0.000000 0.669131 0.165435
0.000000 0.000000 0.000000 1.000000
105
0.707107 0.000000 0.707107 -0.353553
0.000000 1.000000 0.000000 0.000000
-0.707107 0.000000 0.707107 0.146447
0.000000 0.000000 0.000000 1.000000
106
0.743145 0.000000 0.669131 -0.334565
0.000000 1.000000 0.000000 0.000000
-0.669131 0.000000 0.743145 0.128428
0.000000 0.000000 0.000000 1.000000
107
0.777146 0.000000 0.629320 -0.314660
0.000000 1.000000 0.000000 0.000000
-0.629320 0.000000 0.777146 0.111427
0.000000 0.000000 0.000000 1.000000
108
0.809017 0.000000 0.587785 -0.293893
0.000000 1.000000 0.000000 0.000000
-0.587785 0.000000 0.809017 0.095492
0.000000 0.000000 0.000000 1.000000
109
0.838671 0.000000 0.544639 -0.272320
0.000000 1.000000 0.000000 0.000000
-0.544639 0.000000 0.838671 0.080665
0.000000 0.000000 0.000000 1.000000
110
0.866025 0.000000 0.500000 -0.250000
0.000000 1.000000 0.000000 0.000000
-0.500000 0.000000 0.866025 0.066987
0.000000 0.000000 0.000000 1.000000
111
0.891007 0.000000 0.453990 -0.226995
0.000000 1.000000 0.000000 0.000000
-0.453990 0.000000 0.891007 0.054497
0.000000 0.000000 0.000000 1.000000
112
0.913545 0.000000 0.406737 -0.203368
0.000000 1.000000 0.000000 0.000000
-0.406737 0.000000 0.913545 0.043227
0.000000 0.000000 0.000000 1.000000
113
0.933580 0.000000 0.358368 -0.179184
0.000000 1.000000 0.000000 0.000000
-0.358368 0.000000 0.933580 0.033210
0.000000 0.000000 0.000000 1.000000
114
0.951057 0.000000 0.309017 -0.154508
0.000000 1.000000 0.000000 0.000000
-0.309017 0.000000 0.951057 0.024472
0.000000 0.000000 0.000000 1.000000
115
0.965926 0.000000 0.258819 -0.129410
0.000000 1.000000 0.000000 0.000000
-0.258819 0.000000 0.965926 0.017037
0.000000 0.000000 0.000000 1.000000
116
0.978148 0.000000 0.207912 -0.103956
0.000000 1.000000 0.000000 0.000000
-0.207912 0.000000 0.978148 0.010926
0.000000 0.000000 0.000000 1.000000
117
0.987688 0.000000 0.156434 -0.078217
0.000000 1.000000 0.000000 0.000000
-0.156434 0.000000 0.987688 0.006156
0.000000 0.000000 0.000000 1.000000
118
0.994522 0.000000 0.104528 -0.052264
0.000000 1.000000 0.000000 0.000000
-0.104528 0.000000 0.994522 0.002739
0.000000 0.000000 0.000000 1.000000
119
0.998630 0.000000 0.052336 -0.026168
0.000000 1.000000 0.000000 0.000000
-0.052336 0.000000 0.998630 0.000685
0.000000 0.000000 0.000000 1.000000
